85350
134850
84450
76050
75750
95250
91950
89850
92550
94650
102450
103350
93150
75450
76350
84750
85050
92850
103050
92250
102750
94950
90150
95550
91650
52050
109650
113550
108150
51750
112950
49350
110250
48450
110850
68550
128850
127050
58650
57150
126750
130950
59250
67950
118350
69750
131550
70050
117450
65850
111150
48750
49050
112650
110550
51450
107850
109950
52350
113250
131250
66150
117750
70350
59550
69450
118050
67650
130650
126450
56850
68250
58950
127350
129150
121950
64350
72150
125250
73650
63450
119850
132450
61050
124650
122550
123150
60750
133350
74250
56250
46950
115350
114450
47550
106050
55650
54150
105750
133050
60450
122850
74550
124950
61350
132750
122250
120150
63750
73950
71850
64050
121650
125550
105450
53850
47250
55950
106350
45150
114750
56550
115050
46650
97050
98850
100950
96750
88350
131550
123450
127650
62850
67050
59250
79050
74850
83250
83550
75150
79350
59550
67350
63150
127950
123750
131250
127350
123150
119550
71250
67950
63750
75750
79950
134850
79650
75450
63450
67650
71550
119250
122850
127050
122250
125850
124050
74550
66450
64650
76650
78450
78750
76950
64950
66750
74250
124350
126150
122550
134250
124950
126750
62550
64350
66150
86550
78150
76350
76050
77850
86250
65850
64050
62250
126450
124650
134550
105150
109350
113550
45750
49950
101250
97950
93750
93450
97650
101550
49650
45450
113250
109050
104850
109650
105450
49050
53250
92850
97050
89250
89550
97350
93150
53550
45150
49350
105750
109950
108750
106950
56550
48150
46350
92550
94350
96150
95850
94050
92250
46050
47850
56250
106650
108450
116250
106050
107850
46650
48450
104550
96450
94650
94950
96750
104250
48750
46950
108150
106350
116550
110850
115050
107250
51450
55650
103350
99150
91650
87450
87750
91950
98850
103050
55950
51750
107550
115350
111150
115950
111750
55350
51150
47550
99450
103650
87150
91350
95550
95250
91050
86850
103950
99750
47250
50850
55050
111450
115650
114450
112650
50250
53850
52050
100950
102750
98250
88050
89850
90150
88350
98550
102450
100650
52350
54150
50550
112950
114750
110550
112350
114150
52950
54750
101850
100050
90750
88950
88650
90450
100350
102150
54450
52650
113850
112050
110250
128850
133050
117750
121950
69450
73650
57150
61350
65550
85350
81150
77550
77250
80850
85050
65250
61050
56850
73950
69750
121650
117450
133350
129150
133950
129750
121050
116850
125250
73350
69150
61650
57450
81450
85650
85950
81750
57750
61950
68850
73050
125550
117150
121350
129450
133650
132450
130650
128550
120150
118350
71850
70050
60750
58950
82950
84750
84450
82650
58650
60450
70350
72150
118050
119850
128250
130950
132750
130350
132150
118650
120450
70950
72750
68250
58050
59850
80250
83850
82050
82350
84150
80550
60150
58350
68550
72450
70650
120750
118950
131850
130050
87450
101550
83550
79650
78150
80250
82950
80850
87750
101250
88050
96450
100650
99150
97350
81150
80550
82650
77850
83250
79950
104250
90750
91050
103650
93450
94350
102150
84150
85650
77550
74850
76950
86250
101850
94050
93750
103950
91350
104550
90450
76650
86550
75150
85950
77250
83850
71550
125850
57450
130050
119250
129750
58350
127950
70950
66750
117150
128550
118650
67050
68850
50850
108450
109350
52950
50250
111750
48150
49650
112050
53550
128250
69150
67350
118950
116850
66450
70650
119550
127650
58050
129450
71250
130350
57750
126150
112350
49950
53250
47850
111450
52650
109050
50550
108750
51150
45750
114150
107550
115650
46050
104850
54450
116250
55350
106950
73350
120750
63150
134250
64650
121050
72450
62550
59850
123450
133650
132150
124350
61950
65250
116550
106650
55050
54750
105150
107250
46350
115950
113850
45450
61650
124050
131850
65550
133950
123750
60150
72750
121350
64950
62250
62850
120450
73050
134550
78450
79350
81750
82050
100050
95850
97950
99750
89250
87150
88650
98550
82350
81450
53085000
79050
78750
88950
98250
86850
99450
97650
89550
96150
100350
